$ANSIBLE_VAULT;1.1;AES256
31303435386662323933626130653437323635326538343335653637666338663133613363326531
3561616437346434626532316334306234313431353136660a336561663831653664316661383034
38303563333535666137373563656662636230376238333962343233356633353666323739663838
6333343266373561630a306137333435633135346361373031373765333266353533616230396531
64356330326466646161353561376363303361366138376339616462323735643531613664303731
62643335643462343233313336366130353563363533393939623637616432336538356139646231
35626432663438313139383935313866613138356536353164623531313565333335366630356261
37383965323235643639643264373966306361633537346532663032333435663731646633386333
37313565323332366462343135353433653061323730633435643961633030336365316666613831
39646335656232656432373737653330383665326637396337303138303364343530376233623037
33333636333432663636336338613964326462393832316333353532333435663363383163373434
34656635636362313633333835666663646635396335653439336231643865333165643261383034
63396132396566666134396332623633633232663439633332323164636230313266356633623662
32333232623962383963373835303031643638613838303663323630656539356139373139306563
33623735346365336531633432383831666366616139386461366335646434393030613132623066
37646436343965356666373762376164386134336362623163623531383937363561336533656635
37643634386334333261663737643939343364653235346237616338646262363364663939353664
38633964636231663965643564353662303761333236306635623265623961306438346166383036
61663965366431386361623139613031386334623435343266653766343032326563656636643537
33393931366135333964656339353432376162393738393533313237363264323164343232353632
32336538663761633364323462336433313863626462303263623063373832326566323063396161
61613766663534376630373461643365366663363463353435383162653935326433333630396632
38653931306565316562336664356562643439313266653933636163313034663837616235643862
36326439626164333966366563623638333531643334613162613831636339373962306131356638
33666563393535363132653564666337303135366366346162643638376231616239333632373532
31623330313366656235313364306338376664333564386133376364623235626665323162323237
32386131643031386437326263376436636635366232303737376437373566653338313535373264
65373733376332383239333261613262613963393265626139313832363336636434663631353933
61393934393838353863303166343132373430396431613963656433623435653465393437343465
65373761386535663738326239663532313263623961653932343734393131613536666138366163
32383163373737653861653733326365373564623064303732356530323031656238346134316336
33343766623632613931346638353365613466653064313335643438323438386164313334333463
35646461643766353938393737656366356235323866653135666131343161376336323061393033
30373034643965353035373030643130356538393261653636666335376234306439393830353433
39363463646533306237393661386432623066336164333433373663613265626337633830666563
65326138636363363966653334366437393239346134323331336663383166646534316363326631
64633137353239626161613135353566363235383630616636353432383165626337343439393130
36356461323036393731346232666163656565323934616130613565623331636334316561346632
32383566383834343665646566663164616465363935646661333331623933346336383735303566
32356363623430396365633731643634623932653362373630316134313834376637366565386232
63333438336363616665613431326232386130643436346236303030333539303866363934393836
64376334386463633463323036613865326236313661636565623334303065323733376331323836
61363464666464313736303663396264393863646539663737616432663465383933353830616664
33373731666666353937626137366531353333643133333335363364636239303563363334313365
31353766376134623466306535633739353832613232313665356437356531356431316436306233
62343238643533626464653562626337653930396661323133626139386132306463353662396435
66613330646431666564363633623661613434666439646333396431613761613065373831646538
64663430623262323531353534333835653063336334656135386438653935393239313961656535
65346266316335343537666334396236316436653461396164616565636666326339313934353932
35646363646539623335666664663637316564613134386331346535373636653965303962336465
33316538393832363862383232663739613465383761373239393561626362396331373637303636
64613962323439343535613131396462343866636637376637303762623339663638396434643064
65316539656463666134393635303334326436636465373037386466393830616466633834636161
35303038626261656134373236313762363837313031316666393839633964323362623064313935
39316430393462393435313961656535343230303031333464653737643436653433393733666136
34326161303233313737316363303733326131643231386334613734343464323034383362653061
64346262626363326334636161636636323935636162393664643135633133363364666561653531
31643966373364353039383463333530386533616261386239393263323137313561643436663635
61613136633139326539616361356534323564653864396431663162383430333965313039316266
39363732316464393934373764353733346137643531653465393738393938663839353534633031
31356136396236393336613336613730613239646465333533653561336631316637393632643432
37626534303031663032653661363332363438353464306534396432306530313163383630343262
61626536303261343064303130376132666633313266313135366339376261306231343166653537
37303335653264336236613538313830396466633337653435623866643762356666653162376131
34613234633430633261666331393739383730396365623133333734663535656163383934336236
33666136323936313236643463646536646561356330353731363534373162333436323663336133
65333331386462623964396462663163643932653561623535623361353337336534643030363235
36343834313966363065623965313035396434376264386163663565366332646330343230363932
63633266313863656436653931623061626361333562623230643961393936376235373238323536
36656561666131333936386533636631373731663135313863643763353966613235366336353535
36633838346661653439626162353539316438356532373332363862633639656465343533373737
62346261376630303430323332663931303862613135356130323032633838613133346639373333
63313463393034306465343437613635306530336234643239643834343362376562636234343061
30323635613762393835303839363737333432356665636435633362623331323831303538353037
32633462613963353936393766323639366465326264656336643062363438393731393661346161
31353366396361383863646638396563373331623039313935663062616162363361346131316630
32303436363230313230353764363961366664633964373936323234336630356431
