$ANSIBLE_VAULT;1.1;AES256
38323235373566393433656561366433363839336238316638643563363633616435616230633933
6333363330353665656230613065636130343232316435610a356437363161633665393461333336
66366163613238333165383266353861316263343865333738396431363031316131306534626230
6463306163346363640a346136373430643361646139353964373832663363616433386230383165
64386363666433383334646662653536313331623138383563343934333136373166393162386335
39333465616462343035343066346165386466336633366466626630376461666134353563636239
64356365373034303631366331356439373930663962616435623336613939383231366534666439
63613233396633353263613562623237316366313538393036656234656263336434663135646462
63323334373866336262366563346139316330346134366437633835653231653834636131333264
64623062306539386134633635336434376433633239383633663330396461333034386262376534
39633065343765396261616362326636643634303762636164616663303163323763376535373465
61333661386633383531316162323763646666346333313263366436653431313339393062363261
63313335663831346236663039363239643232646663646162613737343036346164323461636534
61316539653566656434356566653262323234643863303030336363343965656562393662356166
38303132623234333666663637303563396532373661316337646531616336646430666430643364
64393738396164656664653661396665343162373562343762376161653735636431356263396136
30326138323633303835666539646364306336303834356133323064393735633135666532653335
38643238343364613238346566383065653565643431343638636130663439383562646135336566
65373935323233316662383837353535353938663533613934613233346365363565376134383233
66623165306430326537393331356534316235303531356630626238343962373963393964313838
37373636306164613439333037663838326463346461303964653930323230376233303763386431
66373862363538656233643966336131626338666266356139303862663066666533333738393630
31623961343164616338373061313966656338616436663861343037616233326132373061373666
36613830613564316137653763383439346535326134646435323832313361343132623437343561
35353638316565653639633436373233363637623364643633343365343132333030306164363737
31393439626234303535373436363362336435623530343234316330376163643766663665643135
65616632653137616633666139336131613063343637393362383561356533363031323562613233
31343132353732663537666632363663666231383266626637646236383136303965373432306263
62366365643861613230363634616566653563656462663663393135613762666361646539616135
65303162393937633761333563616161646533336435356536643639316333613436653738366335
30316235376665623961363966396464653965393330636231663834313632336264623962663631
32326364383862396364303964633439613136633237356433363463356464623161616339353336
34316564616131626163333231333561323830663634613564613166353136373338653562353533
35663066303538346131306363373464373463356138343338353961346535383635323838626561
30363461326166343066303139363463633061303064653438653334336161633663646534343263
31663762346533666330333363396261383665643232336533623535653833616364313662616636
38663365633463336637303462313263383839343833383635326138393633383664313134373933
34303339633663396438306538333536353333363330343463643835303763353132613863363164
30343731376138363963636236376663663463613963393266306164663761623961356334616631
65623235656138636438323762316337383963373264396661633764353938643834366437393766
36343833393732363333306166343065373934373234393338663266326264306431326236343765
35393761633234353631316634663264333237323837616337373633666365666238643265353165
30343438396231366335643735366665656162643536633434636561613030303366313436366630
36376135316462313931643137356663646634633033646264313163343632363935303338343262
34666532323134336665306461326662643532666662326364356338613933663538356561343634
38626232316233396131313032646435633062623337383730353763616632353461623865353239
33623664383463313663396239353662373332626432396364303738303130646239366338633735
34316664636134653139383032373938363232316630376364363530616132653663373366333836
38323330383434623133616537353131623465393065363137386539373264643363353331313138
63383634376263336362663139346532613036653835653462643366316436663038646136373566
62626563363033613636353335396364326337643030343932613161646630306638633830626364
37633335366332356266633332346363623333373966353466316534373435373237323337343635
64313731623539356636326532383563356635363239316665356139343530336133353163386165
62393939636238333464316465313831633862353532626364383533323466306164626635353438
61356334643133663738353762346633373131636431656633343164643334646561666630643139
37313364363735383539316138383637643432633763343630623637656565623965353630316335
66303939396462633733643531623836656662366439643034386266663333383639623065373534
62393765336163653736643362656463613861386164353462386632363833393766383334346436
39303665643366316139663536396365356466353238626238313133353161646230396439353565
39343432313135616332376531346263353865353739396161376336623961323966303162376562
38313638663838653335353633383662343635336237333130353637396239643266396161363934
64346435663938393430356565306562346261643963346537646336333735646162333866383039
34313633653763623630303232623734363665356335643436336337613162653334393534663162
61616230613235383364343166323835663762613936646231376531363039633736393439386531
35663131313632376665363832356665333332663930316433343433326434336631326632396665
65653865396566313035666364323038386530633134333839346136376135316434323331616266
32636133613737663135316438663132306464323463323630363532653561663533636566363933
30303636326136316364373963316432346161646565366234376536353332393834313034356334
33383034303766326638326336626264353865656530306632333431383731366235336664376338
35343061333034313665623938643434656462396638373263663762303135303038333933383636
36376235623138613537373436316536376663313331616565363334623333653135636662343961
38616463613531623866356366383462306664656135383737353636636162346239343333663766
30353966386434353836616265646330343566613664353763343434343261356361343761376163
65383533653134626136323234633238613064633530613935316136643036323063613865613536
64656131383530386363373839313033363435643561653766386430303566626237663938303465
38636165653733643561393765633035613430636337393234333664393434323864356431656263
61343661373464633330376262313866623131383063336465646431343763343732656239623436
31363733643664393534356663326662323762626434383139643935366639643664326235353465
66643461623363396637633832666138663666343932656436353836336233303132353163386464
63363062336463613131383230306439373161623334306132396530316465326539623861386562
31623066653935393334316363336464646233326261393738646430323266343763653063653737
65346637386466313430393230303333333139616562323830386563633961636337613930393236
38386430346337396338626231353830346334353630623765623931313961633363646636393137
32623936386138393866656236333863353564656537326538303937646266623265646538636633
62643638303664616533623336366265393463313436636264353333323861366162376431336331
65343931383666336236343162376430643332633737356164393439353739633134326432393666
63393266373136633332373936316365633966333761303633323966323138336637636537656464
37633462363634313263
