$ANSIBLE_VAULT;1.1;AES256
34613936393534636564323665363661326463323831666564333338383030343131396261373562
3535643362373666623166383536623439623062366130340a646362333464396362646534646430
37613334623138353030636238353765396563363364343066613535633461653766623065643138
6566356466393764650a656238616164306161366633373634366230623336303736666537643536
32623939336432626430613432643335626136306164353764653065303161363863376437303464
36353838326333363237633037663631633333363466323766396337623636333566333534636565
35376332633763646230376366383863393032653262306236343735373064316434613932633234
38643065633130336433393433666639653031323930353530623930383462633562613533333335
34303365376465323535616238343065346235353631313863663530346336626462623536626136
64376136333962313630373030663635363633393566633739326635366635626662646233326333
31376134323236633635633731353131393533333335646661653631653537613264643562616236
30653236313433306533393037313532323839656462613261623731393430316434373236373434
30316230373230623534643934363137663732616162373061663331643736363463663333323335
38626630386539373439366462336464386462616330393462306332353062353732346334636531
35646333656534313365633863646336373031383238623763336364623761643732363565306661
31306438623865303263643339623039356536393930353363333735656232653763643930333434
65616430323537363738643031316264373461653362346437363239333730336439386233376136
32623534646665326339383031653335616465613833386237313161386339666433633861366362
62323033326665643865623536313935663035303533323737386131623566376437636234373738
64663835376135323031653336343239376630393563336564626138613735363531613732613135
63333233393132326432326462663164306330363763346538336436393761363833643762373938
34353765636261323662323861383566626235313861353138633661316231353361343834393534
64393263626362616430376134656462363731373039393635613533653730653462376339613934
64623035616332393766306637653238636430393732613361356565303164306465306337643733
33323531376661653165383562353834653733663033613035633762613134303536363831646130
38613266336132333238316136396365646263316563653636336466303135346139643166633266
35313065366365313264343635613864646536343232653565303361353334383935303530626564
64646561376663646162623363363837376337393433343135633561376635326334356230343739
31656263643237383633323530323164616561326464326138663662346562363031383731333136
34376533313336646231303337376530306332653339323763623438373132616134313338656266
33363735343132373139336266333762353135396261316330626132646434346230306463656430
33313936393432626161663333303934643263646136326439346636306433663736626263653132
38396231613662373337396464333132346266613064626564386237343164333662316161363837
3162333263363063626430366662303065636263323630323630
