$ANSIBLE_VAULT;1.1;AES256
32326238623366353539383061633164343261626634393139366166313238333566623730663463
3037336333663863653835356533313538373131356461640a306239653462326637393063373733
32623532376464613835343239626461333661303334306166356233386566343233636436363464
3430663535353438660a316662646630663836626330666536343763376332356463373837663230
38643837323463643930643633373463646661396361646565393336316566316339366232303834
30616230366639313736303339346435653465356439336532376437333538323834653866376266
39646338333864353435633138356235633665636665623938353363626439646532326638396338
37353065363333656330313832363562316130626361623461336439396237343135316364336464
64336161323436633766386263666335663633366133626135363265363730666233353132643365
39626364656438366535653866643031316431646234633039323531633431393534333165396364
32383632643562346237653064326231626362343536383432616164343439666162613731666539
30623434333063353931393733386164303164353766373937663635346437363930303830636436
32613963313032636366623264616162653338353737356161393539343535626161636236373935
36306437373063333931346364343533396633646435616663613363343261616263366261383837
36353338653234363466643038346463623964343834643837323461666537353732353965636162
38633730613737303634616134363463333334633865326232616630386232393965323439663461
65333136656462666566386164656462383633396531393635636536373033626466656366613733
34393735366533663065303965666439656633353135383032636366343632303732316663333832
32323766613161393663346133653336663863336561636532336438356431666536626530323333
63353930353361656566646532303138663562363364626238393635653564346632643733316437
36303163303937636265623766616636363238333963366637393838616166353237306534613431
61653732653033313736366466323465643961303434383132353262373133626562633230646439
35366263646264336237326433356566346530323731653433366236316436383639366338326636
62633832396137323733346532653530316537646662623731316338363936373161613938346637
35396230396534616231366363326462323065623562383565323363636663663861376130643437
31363537666261623837303961643863373062326135316634653430376162623030646466316364
63313536353661323764303166626561636533313831633665373335356537373264393035396336
33316436383033663563316136373534346537626337666130303564386663613039303361333664
63363635303663363938356638333632303432643033326430376538366636393862656533656266
33303030386336333762643034376631336632343131353062313237336239306634313439663938
32336136633634626232346461323165393736613430373065396234623466626563653836373737
62376530373638313165656662353231663937303532613863633862333464363766656534623064
35326132393963306563303633303535333165353132656236323439376461356135303764333331
37393636393463303836363637613736613161643335646435376430336131656639353665643063
64396331323834386161663365356231653664616137643865316631643834666261386634666334
63336537656437316131333535323435653036633537633662316330646535636163386164626637
32396535663632623034646234653733353839393732353063363362383963653736646162393464
30303435643161363062346162393838393564663965363464306433326334323164366533353733
61643830663662363834353439393832313565316236626233363461336564316166663765643266
36663438663033613530383535356566393265653264376662613466653162633337353534353761
36633336643730386166653731633633353431343765653363346566623038626339363166373933
65663138613265396230393764343937393963623366393461653336333632393530306633353263
62393435646131653137363562626333653237353366333863613932643865643133636638633063
63303634353036333261303031623066386661326236626331633666323862666638363135613933
39383638663433613837613839343963333964383631356332383739383138306161626635323630
37383139303833376630643837363231633038343934343237306433343763633463333361373630
37636432353462326464633030353737366164356634613834613035323665306664613032343466
33616431386532633464393637303333323039333363323865323538343736346239363836383739
35623432323436356531323637613131316339303665306366383764336663646135323531386333
33333534653936663231376436666661363631383135363636323165613936633731316166333633
34343535663161376430653137383735363531633361303761353336613266633032353734326634
38343963356432343136303662393631353633656235653462623564636630663537333761623063
32653063356637313261326539323736656564623362333832633633323731353438623833326535
37366362343262663064616235636262343035346662353032386665386436333039626439623461
31623166656233336431313865323163303465313162373064316137303266663065333032636331
32353063653436373939343137386335323764303038396438306537303161303839663764373630
36636535616632326138313139303235656161623936653363633439613461363836616137383535
37636133356137366330323364303462653466643664323232623365343638626637613936396566
64613638323566353366346436363262316531383639353134623134313061623832346565393433
65616665303239383132353134333938623961363339336463656662393562666365363737303938
62623330373764306437626263666565643939313732306633356136376563616535313863646133
30663336353936383462393433396139316466313330643737633231333439393264396530323463
31626433313632373734393738373938656333333564373761393634653835363239353634313034
61643163633631396661396637363132316537316463626165626233316631313834373165356636
30323734313266623563326162333736656337346432623863636331346364313838386365356639
37313835653663373062393164663634653661383461373136306439333964663930353934316633
65613661346530666436383633316238376134306465303461353734623431313465656139383636
61356665333137653137333564303862663062373736356364356638616133383838656633353331
35393730323836623130616233383330366636336662346436343565336531343331353466333936
65616662663533663866393031303133313432373234643731626338353965663331326362643562
383065323937643763386264316336353434
